------------- R -------------
total: 912
normal (64)
  1  1  1  1  1  1  1  1
  1  1  1  1  1  1  1  1
  1  1  1  1  1  1  1  1
  1  1  1  1  1  1  1  1
  1  1  1  1  1  1  1  1
  1  1  1  1  1  1  1  1
  1  1  1  1  1  1  1  1
  1  1  1  1  1  1  1  1
file disambig destination
  8  8  8  8  8  8  8  8
  8  8  8  8  8  8  8  8
  8  8  8  8  8  8  8  8
  8  8  8  8  8  8  8  8
  8  8  8  8  8  8  8  8
  8  8  8  8  8  8  8  8
  8  8  8  8  8  8  8  8
  8  8  8  8  8  8  8  8
file disambig source (512)
64  64  64  64  64  64  64  64  
rank disambig destination
  0  0  0  0  0  0  0  0
  7  7  7  7  7  7  7  7
  7  7  7  7  7  7  7  7
  7  7  7  7  7  7  7  7
  7  7  7  7  7  7  7  7
  7  7  7  7  7  7  7  7
  7  7  7  7  7  7  7  7
  0  0  0  0  0  0  0  0
rank disambig source (336)
48
40
40
40
40
40
40
48
rankfile disambig destination
  0  0  0  0  0  0  0  0
  0  0  0  0  0  0  0  0
  0  0  0  0  0  0  0  0
  0  0  0  0  0  0  0  0
  0  0  0  0  0  0  0  0
  0  0  0  0  0  0  0  0
  0  0  0  0  0  0  0  0
  0  0  0  0  0  0  0  0
rankfile disambig source (0)
  0  0  0  0  0  0  0  0
  0  0  0  0  0  0  0  0
  0  0  0  0  0  0  0  0
  0  0  0  0  0  0  0  0
  0  0  0  0  0  0  0  0
  0  0  0  0  0  0  0  0
  0  0  0  0  0  0  0  0
  0  0  0  0  0  0  0  0





------------- B -------------
total: 860
normal (64)
  1  1  1  1  1  1  1  1
  1  1  1  1  1  1  1  1
  1  1  1  1  1  1  1  1
  1  1  1  1  1  1  1  1
  1  1  1  1  1  1  1  1
  1  1  1  1  1  1  1  1
  1  1  1  1  1  1  1  1
  1  1  1  1  1  1  1  1
file disambig destination
  0  7  7  7  7  7  7  0
  6  7  7  7  7  7  7  6
  5  6  7  7  7  7  6  5
  4  5  6  7  7  6  5  4
  4  5  6  7  7  6  5  4
  5  6  7  7  7  7  6  5
  6  7  7  7  7  7  7  6
  0  7  7  7  7  7  7  0
file disambig source (380)
42  46  50  52  52  50  46  42  
rank disambig destination
  0  0  0  0  0  0  0  0
  2  2  2  2  2  2  2  2
  4  4  4  4  4  4  4  4
  6  6  6  6  6  6  6  6
  6  6  6  6  6  6  6  6
  4  4  4  4  4  4  4  4
  2  2  2  2  2  2  2  2
  0  0  0  0  0  0  0  0
rank disambig source (192)
24
24
24
24
24
24
24
24
rankfile disambig destination
  0  0  0  0  0  0  0  0
  0  4  4  4  4  4  4  0
  0  4  8  8  8  8  4  0
  0  4  8 12 12  8  4  0
  0  4  8 12 12  8  4  0
  0  4  8  8  8  8  4  0
  0  4  4  4  4  4  4  0
  0  0  0  0  0  0  0  0
rankfile disambig source (224)
  3  3  3  3  3  3  3  3
  3  3  3  3  3  3  3  3
  3  3  5  5  5  5  3  3
  3  3  5  5  5  5  3  3
  3  3  5  5  5  5  3  3
  3  3  5  5  5  5  3  3
  3  3  3  3  3  3  3  3
  3  3  3  3  3  3  3  3




------------- N -------------
total: 624
normal (64)
  1  1  1  1  1  1  1  1
  1  1  1  1  1  1  1  1
  1  1  1  1  1  1  1  1
  1  1  1  1  1  1  1  1
  1  1  1  1  1  1  1  1
  1  1  1  1  1  1  1  1
  1  1  1  1  1  1  1  1
  1  1  1  1  1  1  1  1
file disambig destination
  2  3  4  4  4  4  3  2
  2  3  4  4  4  4  3  2
  2  3  4  4  4  4  3  2
  2  3  4  4  4  4  3  2
  2  3  4  4  4  4  3  2
  2  3  4  4  4  4  3  2
  2  3  4  4  4  4  3  2
  2  3  4  4  4  4  3  2
file disambig source (208)
16  24  32  32  32  32  24  16  
rank disambig destination
  0  0  0  0  0  0  0  0
  2  2  2  2  2  2  2  2
  4  4  4  4  4  4  4  4
  4  4  4  4  4  4  4  4
  4  4  4  4  4  4  4  4
  4  4  4  4  4  4  4  4
  2  2  2  2  2  2  2  2
  0  0  0  0  0  0  0  0
rank disambig source (160)
16
16
24
24
24
24
16
16
rankfile disambig destination
  0  0  0  0  0  0  0  0
  0  0  4  4  4  4  0  0
  0  4  8  8  8  8  4  0
  0  4  8  8  8  8  4  0
  0  4  8  8  8  8  4  0
  0  4  8  8  8  8  4  0
  0  0  4  4  4  4  0  0
  0  0  0  0  0  0  0  0
rankfile disambig source (192)
  2  2  3  3  3  3  2  2
  2  2  3  3  3  3  2  2
  3  3  4  4  4  4  3  3
  3  3  4  4  4  4  3  3
  3  3  4  4  4  4  3  3
  3  3  4  4  4  4  3  3
  2  2  3  3  3  3  2  2
  2  2  3  3  3  3  2  2





------------- Q -------------
total: 2255
normal (64)
  1  1  1  1  1  1  1  1
  1  1  1  1  1  1  1  1
  1  1  1  1  1  1  1  1
  1  1  1  1  1  1  1  1
  1  1  1  1  1  1  1  1
  1  1  1  1  1  1  1  1
  1  1  1  1  1  1  1  1
  1  1  1  1  1  1  1  1
file disambig destination
  8  8  8  8  8  8  8  8
  8  8  8  8  8  8  8  8
  8  8  8  8  8  8  8  8
  8  8  8  8  8  8  8  8
  8  8  8  8  8  8  8  8
  8  8  8  8  8  8  8  8
  8  8  8  8  8  8  8  8
  8  8  8  8  8  8  8  8
file disambig source (512)
64  64  64  64  64  64  64  64  
rank disambig destination
  8  7  6  5  5  6  7  7
  8  8  8  8  8  8  8  8
  8  8  8  8  8  8  8  8
  8  8  8  8  8  8  8  8
  8  8  8  8  8  8  8  8
  8  8  8  8  8  8  8  8
  8  8  8  8  8  8  8  8
  7  7  6  5  5  6  7  8
rank disambig source (486)
57
60
62
64
64
62
60
57
rankfile disambig destination
  4 14 14 14 14 14 14  6
 14 23 22 21 21 22 23 14
 14 22 25 24 24 25 22 14
 14 21 24 27 27 24 21 14
 14 21 24 27 27 24 21 14
 14 22 25 24 24 24 22 14
 14 23 22 21 21 22 23 14
  6 14 14 14 14 14 14  6
rankfile disambig source (1193)
 17 18 17 16 16 17 18 18
 18 19 19 18 18 19 19 18
 17 19 21 21 21 21 19 17
 16 18 21 23 23 21 18 16
 16 18 21 23 23 21 18 16
 17 19 21 21 21 20 19 17
 18 19 19 18 18 19 18 18
 18 18 17 16 16 17 18 18
